277
Enq id	start	end	size	addr

4	0	4	2457600	21266432
9	1	6	2457600	18808832
14	2	8	2457600	16351232
19	3	10	2457600	23724032
23	5	40	1228800	15122432
27	7	41	1228800	13893632
31	9	42	1228800	12664832
35	11	43	1228800	11436032
39	12	20	1228800	10207232
43	13	23	1228800	21266432
47	14	26	1228800	18808832
51	15	29	1228800	16351232
55	16	21	614400	8978432
59	17	24	614400	23724032
63	18	27	614400	8212480
67	19	30	614400	7598080
72	22	32	1228800	8978432
77	25	34	1228800	21266432
82	28	36	1228800	18808832
87	31	38	1228800	10207232
91	33	44	2457600	23724032
95	35	46	2457600	21266432
99	37	48	2457600	18808832
103	39	50	2457600	16351232
119	45	56	1228800	15122432
123	47	59	1228800	13893632
127	49	62	1228800	12664832
131	51	65	1228800	11436032
135	52	57	1228800	10207232
139	53	60	1228800	8978432
143	54	63	1228800	21266432
147	55	66	1228800	18808832
152	58	72	1228800	15122432
157	61	75	1228800	13893632
162	64	78	1228800	12664832
167	67	81	1228800	11436032
171	68	73	1228800	10207232
175	69	76	1228800	8978432
179	70	79	1228800	21266432
183	71	82	1228800	18808832
188	74	88	1228800	15122432
193	77	90	1228800	13893632
198	80	92	1228800	12664832
203	83	94	1228800	11436032
207	84	96	737280	10207232
211	85	99	737280	8978432
215	86	102	737280	21266432
219	87	105	737280	18808832
223	89	97	737280	15122432
227	91	100	737280	13893632
231	93	103	737280	12664832
235	95	106	737280	11436032
240	98	112	737280	15122432
245	101	115	737280	13893632
250	104	118	737280	12664832
255	107	121	737280	11436032
259	108	113	737280	10207232
263	109	116	737280	8978432
267	110	119	737280	21266432
271	111	122	737280	18808832
276	114	269	737280	15122432
281	117	272	737280	13893632
286	120	275	737280	12664832
291	123	278	737280	11436032
295	124	128	491520	8212480
299	125	130	491520	7598080
303	126	132	491520	10207232
307	127	134	491520	8978432
311	129	136	491520	8212480
315	131	138	491520	7598080
319	133	140	491520	10207232
323	135	142	491520	8978432
328	137	148	491520	8212480
333	139	151	491520	7598080
338	141	154	491520	10207232
343	143	157	491520	8978432
347	144	149	491520	21266432
351	145	152	491520	18808832
355	146	155	491520	16351232
359	147	158	491520	23724032
364	150	249	491520	8212480
369	153	252	491520	7598080
374	156	255	491520	10207232
379	159	258	491520	8978432
383	160	168	245760	6922240
387	161	171	245760	6615040
391	162	174	245760	6307840
395	163	177	245760	6000640
399	164	169	245760	7229440
403	165	172	245760	21266432
407	166	175	245760	18808832
411	167	178	245760	16351232
416	170	184	245760	6922240
417	173	187	245760	6615040
418	176	190	245760	6307840
419	179	193	245760	6000640
423	180	185	245760	7229440
424	181	188	245760	21266432
425	182	191	245760	18808832
426	183	194	245760	16351232
431	186	229	245760	6922240
432	189	232	245760	6615040
433	192	235	245760	6307840
434	195	238	245760	6000640
438	196	204	65536	5918720
442	197	207	65536	7229440
446	198	210	65536	21266432
450	199	213	65536	18808832
454	200	205	65536	16351232
458	201	208	65536	23724032
462	202	211	65536	8912896
466	203	214	65536	8847360
471	206	216	65536	5918720
476	209	218	65536	7229440
481	212	220	65536	21266432
486	215	222	65536	18808832
490	217	484	10240	8912896
494	219	486	10240	8847360
498	221	488	10240	8837120
502	223	490	10240	8826880
503	224	228	30720	5918720
504	225	231	30720	7229440
505	226	234	30720	21266432
506	227	237	30720	18808832
511	230	240	38400	5918720
516	233	242	38400	6922240
521	236	244	38400	6307840
526	239	246	38400	6000640
527	241	248	122880	6615040
528	243	251	122880	6922240
529	245	254	122880	6307840
530	247	257	122880	6000640
535	250	260	153600	6615040
540	253	262	153600	6922240
545	256	264	153600	7598080
550	259	266	153600	6307840
551	261	268	368640	7229440
552	263	271	368640	8212480
553	265	274	368640	7598080
554	267	277	368640	10207232
559	270	280	368640	7229440
564	273	282	368640	8212480
569	276	284	368640	7598080
574	279	286	368640	15122432
578	281	288	184320	6922240
582	283	291	184320	6615040
586	285	294	184320	6307840
590	287	297	184320	6000640
594	289	389	368640	8978432
595	290	388	307200	6922240
599	292	400	368640	8212480
600	293	399	307200	6615040
604	295	411	368640	7598080
605	296	410	307200	6307840
609	298	422	368640	7229440
610	299	421	307200	6000640
614	300	309	1228800	11436032
615	301	308	1228800	10207232
619	302	329	1228800	16351232
620	303	328	1228800	15122432
624	304	349	1228800	13893632
625	305	348	1228800	21266432
629	306	369	1228800	18808832
630	307	368	1228800	12664832
634	310	314	2457600	23724032
635	311	316	1228800	11436032
636	312	322	1228800	10207232
637	313	318	81920	5918720
638	315	324	81920	23724032
639	317	321	92160	11436032
640	319	320	76800	5918720
641	323	327	92160	11436032
642	325	326	76800	5918720
646	330	334	2457600	16351232
647	331	336	1228800	15122432
648	332	342	1228800	11436032
649	333	338	81920	5918720
650	335	344	81920	10207232
651	337	341	92160	15122432
652	339	340	76800	5918720
653	343	347	92160	15122432
654	345	346	76800	5918720
658	350	354	2457600	21266432
659	351	356	1228800	15122432
660	352	362	1228800	13893632
661	353	358	81920	5918720
662	355	364	81920	11436032
663	357	361	92160	15122432
664	359	360	76800	5918720
665	363	367	92160	15122432
666	365	366	76800	5918720
670	370	374	2457600	21266432
671	371	382	1228800	15122432
672	372	376	1228800	13893632
673	373	384	81920	5918720
674	375	378	81920	12664832
675	377	381	92160	13893632
676	379	380	76800	12664832
677	383	387	92160	15122432
678	385	386	76800	5918720
682	390	433	614400	12664832
683	391	395	143360	15122432
684	392	430	1249280	23724032
685	393	432	1228800	16351232
686	394	398	215040	6922240
687	396	397	134400	15122432
691	401	446	614400	11436032
692	402	406	143360	6615040
693	403	443	1249280	21266432
694	404	445	1228800	15122432
695	405	409	215040	6922240
696	407	408	134400	6615040
700	412	459	614400	10207232
701	413	417	143360	6615040
702	414	456	1249280	18808832
703	415	458	1228800	13893632
704	416	420	215040	6922240
705	418	419	134400	6615040
709	423	474	614400	8978432
710	424	426	143360	6615040
711	425	429	215040	6922240
712	427	428	134400	6615040
713	431	435	9830400	23724032
714	434	437	1228800	16351232
715	436	439	573440	8212480
716	438	442	645120	12664832
717	440	441	537600	8212480
718	444	448	9830400	23724032
719	447	450	1228800	16351232
720	449	452	573440	8212480
721	451	455	645120	15122432
722	453	454	537600	8212480
723	457	461	9830400	23724032
724	460	463	1228800	15122432
725	462	465	573440	8212480
726	464	468	645120	15122432
727	466	467	537600	8212480
728	469	470	1249280	21266432
729	471	476	9830400	23724032
730	472	473	1228800	15122432
7 1	475	478	1228800	15122432
732	477	480	573440	8212480
733	479	483	645120	15122432
734	481	482	537600	8212480
738	485	492	8192	8912896
742	487	494	8192	8847360
746	489	496	8192	8837120
750	491	498	8192	8826880
754	493	500	2048	8912896
758	495	507	2048	8847360
762	497	514	2048	8837120
766	499	521	2048	5918720
770	501	503	4096	8826880
771	502	505	2048	8912896
772	504	529	2048	8826880
773	506	528	128	6922240
777	508	510	4096	8912896
778	509	512	2048	8847360
779	511	532	2048	8912896
780	513	531	128	6615040
784	515	517	4096	8837120
785	516	519	2048	6307840
786	518	534	2048	8847360
787	520	533	128	6307840
791	522	524	4096	8837120
792	523	526	2048	5918720
793	525	536	2048	8837120
794	527	535	128	5918720
798	530	539	512	8826880
808	537	538	128	8837120
812	540	545	1024	8837120
813	541	544	512	8826880
816	542	543	256	8912896
818	546	548	1024	8837120
819	547	550	512	8826880
820	549	553	512	8837120
821	551	552	512	8826880
